Initial Portfolio Value,Final Portfolio Value,Total PnL (realized + unrealized),Total Realized PnL,Unrealized PnL,Total Return (%),Annualized Return (%),Sharpe Ratio,Maximum Drawdown (%),Number of Trades,Number of Winning Trades,Number of Losing Trades,Number of Open Trades,Win Rate (%),Number of Stop Loss Signals,Number of Signal Changes,Average Duration of Trades (days),Average PnL per Trade (USDT),Average PnL per Winning Trade (USDT),Average PnL per Losing Trade (USDT),Highest PnL Trade (USDT),Lowest PnL Trade (USDT)
2000,2069.928363545388,69.92836354538804,1813.8415421177801,-1743.913178572392,3.4964181772694016,2.4010958841690595,0.3647932017315231,3.0603700360362156,38,11,26,1,28.947368421052634,6,31,0.23684210526315788,47.73267216099421,18.55389665223991,-5.0837432270221505,38.34490798482812,-20.9305234226981
